KMeans_DE_KNN
0.9185 0.85875 0.868 0.905 0.871 0.9255	0.92675	0.923 0.93025 0.88175 0.89825 0.827 0.91675 0.8925 0.915 0.914 0.879 0.88775 0.91125 0.882 0.9185 0.88125 0.83925 0.9225 0.9225	0.926 0.90125 0.91725 0.923 0.817 0.92675 0.904	0.8725 0.921 0.917 0.893 0.882 0.909 0.89575 0.887 0.87375 0.923 0.92 0.8995 0.847 0.8445 0.91175 0.88825 0.914	0.8995 0.88575 0.86825 0.859 0.85075 0.9155 0.8985 0.89125 0.88875 0.82525 0.88825 0.8935

KMeans_DE_SVM
0.93375	0.9355 0.936 0.9055 0.9275 0.935 0.93375 0.9285	0.93425	0.93125	0.91925	0.93725	0.942 0.91925 0.9355 0.93 0.9355 0.929 0.937 0.92825 0.933 0.92125 0.93125 0.939 0.92125 0.93675 0.92425 0.9215	0.9305	0.9355	0.93425	0.9285	0.93425	0.91475	0.94 0.9305 0.92575 0.93175 0.93175 0.923 0.923	0.9385 0.93175 0.934 0.93275 0.9195 0.942 0.9285 0.923 0.9355 0.93375 0.9385 0.9355 0.9225 0.9425 0.9305 0.93875 0.9165	0.91625	0.9275	0.9305

DE_KNN
0.822 0.925 0.932 0.927	0.928 0.928 0.927 0.932	0.923 0.93 0.927 0.927 0.932 0.934 0.925 0.925 0.932 0.926 0.935 0.93 0.94 0.784 0.925 0.782 0.93 0.819	0.923 0.922 0.927 0.833	0.934 0.925 0.923 0.937	0.926 0.923 0.827 0.93 0.93 0.923 0.928	0.928 0.923 0.928 0.934

DE_SVM
0.946 0.933 0.941 0.935	0.93 0.927 0.934 0.946 0.912 0.932 0.932 0.928 0.927 0.931 0.946 0.936 0.941 0.934 0.933 0.936 0.936 0.92 0.939	0.905 0.942 0.943 0.934	0.938 0.93 0.943 0.951 0.939 0.947 0.948 0.937 0.938 0.943 0.938 0.904 0.925 0.941 0.939 0.936 0.942 0.944 0.943 0.943 0.932 0.946 0.932 0.946 0.913 0.944 0.891 0.937 0.933 0.921 0.945 0.921 0.946


KMeans_KNN
0.794	0.78475	0.77875	0.78675	0.78575	0.78525	0.79375	0.78925	0.78125	0.7875

KMeans_SVM
0.5975	0.59425	0.5975	0.6115	0.59325	0.58675	0.603	0.6555	0.57625	0.65825

KNN
0.799 0.798 0.795 0.796 0.796 0.793 0.800 0.794 0.795 0.795

SVM
0.652 0.653 0.652 0.658 0.653 0.654 0.658 0.656 0.659 0.657