KMeans_DE_SVM
0.934 0.936 0.936 0.905 0.927 0.934 0.934 0.928 0.935 0.934 0.928 0.934 0.932 0.919 0.937 0.941 0.919 0.936 0.930 0.936 0.930 0.937 0.929 0.933 0.921 0.931 0.940 0.920 0.937 0.925 0.922 0.930 0.936 0.934 0.928 0.934 0.915 0.940 0.930 0.926 0.931 0.932 0.923 0.923 0.939 0.932 0.934 0.933 0.918 0.941 0.929 0.923 0.935 0.934 0.939 0.936 0.922 0.942 0.930 0.939 0.939 0.917 0.917 0.927 0.93

KMeans_DE_KNN
0.91975	0.86125	0.87075	0.90625	0.87975	0.92725	0.9275	0.92425	0.9315	0.88625	0.90075	0.83475	0.91825	0.89525	0.91625	0.9155	0.8795	0.89	0.91275	0.884	0.92	0.885	0.84425	0.9245	0.92375	0.92725	0.9055	0.9185	0.92425	0.822	0.92875	0.905	0.8765	0.922	0.91975	0.89625	0.884	0.911	0.8965	0.888	0.8765	0.9245	0.92175	0.9015	0.8525	0.85	0.91325	0.8915	0.916	0.90225	0.88825	0.8695	0.8625	0.85375	0.91825	0.89875	0.89525	0.8895	0.82875	0.88925	0.895

DE_KNN
0.825	0.925	0.932	0.927	0.929	0.928	0.927	0.932	0.923	0.93	0.927	0.927	0.932	0.934	0.926	0.926	0.932	0.927	0.936	0.931	0.941	0.788	0.926	0.786	0.93	0.821	0.924	0.922	0.927	0.835	0.934	0.926	0.924	0.937	0.926	0.924	0.829	0.931	0.93	0.923	0.928	0.928	0.924	0.928

DE_SVM
0.951 0.939 0.947 0.948 0.938 0.943 0.938 0.904 0.926 0.941 0.939 0.936 0.942 0.944 0.943 0.943 0.932 0.946 0.932 0.946 0.914 0.944 0.892 0.938 0.934 0.921 0.945 0.922 0.946 0.951 0.939 0.947	0.948 0.938 0.938 0.943	0.938 0.904 0.926 0.941	0.939 0.936 0.942 0.944	0.943 0.943 0.932 0.946	0.932 0.946 0.914 0.944	0.892 0.938 0.934 0.921	0.945 0.922 0.946

KMeans_KNN
0.79975	0.7915 0.78625	0.79425	0.7895	0.7925	0.79675	0.798 0.78725 0.7965

KMeans_SVM
0.586 0.58725 0.60025 0.604 0.584 0.57775 0.596	0.64575	0.56 0.6495

KNN
0.803 0.802 0.800 0.801 0.800 0.797 0.804 0.799 0.799 0.799

SVM
0.659 0.661 0.660 0.666 0.661 0.662 0.665 0.664 0.667 0.664 