             precision    recall  f1-score   support

          1      0.434     0.740     0.547       400
          2      0.481     0.497     0.489       400
          3      0.881     0.130     0.227       400
          4      0.569     0.632     0.599       400

avg / total      0.591     0.500     0.465      1600
             precision    recall  f1-score   support

          1      0.528     0.405     0.458       400
          2      0.544     0.435     0.483       400
          3      0.911     0.438     0.591       400
          4      0.416     0.812     0.550       400

avg / total      0.600     0.522     0.521      1600
             precision    recall  f1-score   support

          1      0.395     0.860     0.541       400
          2      0.491     0.460     0.475       400
          3      0.861     0.077     0.142       400
          4      0.642     0.510     0.568       400

avg / total      0.597     0.477     0.432      1600
             precision    recall  f1-score   support

          1      0.481     0.475     0.478       400
          2      0.574     0.487     0.527       400
          3      0.914     0.400     0.557       400
          4      0.442     0.762     0.560       400

avg / total      0.603     0.531     0.530      1600
             precision    recall  f1-score   support

          1      0.397     0.843     0.540       400
          2      0.473     0.495     0.484       400
          3      0.889     0.060     0.112       400
          4      0.605     0.463     0.524       400

avg / total      0.591     0.465     0.415      1600
             precision    recall  f1-score   support

          1      0.529     0.695     0.600       400
          2      0.444     0.575     0.501       400
          3      0.908     0.198     0.324       400
          4      0.574     0.672     0.619       400

avg / total      0.614     0.535     0.511      1600
             precision    recall  f1-score   support

          1      0.927     0.128     0.224       400
          2      0.286     0.958     0.441       400
          3      0.875     0.035     0.067       400
          4      0.728     0.347     0.470       400

avg / total      0.704     0.367     0.301      1600
             precision    recall  f1-score   support

          1      0.467     0.715     0.565       400
          2      0.437     0.552     0.488       400
          3      0.887     0.158     0.268       400
          4      0.596     0.613     0.604       400

avg / total      0.597     0.509     0.481      1600
             precision    recall  f1-score   support

          1      0.420     0.812     0.554       400
          2      0.480     0.500     0.490       400
          3      0.905     0.095     0.172       400
          4      0.613     0.562     0.587       400

avg / total      0.604     0.492     0.450      1600
             precision    recall  f1-score   support

          1      0.428     0.810     0.560       400
          2      0.473     0.495     0.484       400
          3      0.894     0.105     0.188       400
          4      0.592     0.557     0.574       400

avg / total      0.596     0.492     0.451      1600
