KMeans_DE_KNN
0.9185 0.8575 0.86675 0.9045 0.872 0.9255 0.92675 0.923 0.93 0.8805 0.8985 0.82675 0.9165 0.89225 0.915 0.9135 0.87825 0.88725 0.91075 0.881 0.9185 0.8805 0.83775 0.92225 0.922 0.92625 0.90125 0.91725 0.923 0.813 0.92675 0.90325 0.8715 0.921 0.91675 0.893 0.881 0.90825 0.89525 0.88675 0.8735 0.92325 0.92 0.89925 0.846 0.844 0.91175 0.888 0.9135 0.89925 0.88525 0.867 0.8575 0.849 0.91525 0.8975 0.89025 0.8885 0.8245 0.8875 0.893

KMeans_DE_SVM
0.93375 0.93525 0.936 0.905 0.92725 0.935 0.9335 0.9285 0.9345 0.93125 0.919 0.93725 0.942 0.919 0.9355 0.93 0.93575 0.929 0.937 0.92775 0.93275 0.92125 0.931 0.9395 0.92075 0.937 0.9245 0.921 0.93025 0.93525 0.9340.9285 0.93425 0.91475 0.93975 0.93025 0.9255 0.93175 0.932 0.9225 0.92275 0.93875 0.932 0.934 0.933 0.91875 0.942 0.92875 0.92325 0.9355 0.9335 0.93875 0.9355 0.92225 0.9425 0.93025 0.93875 0.91675 0.91625 0.927 0.93

DE_KNN
0.831 0.927 0.934 0.929 0.930 0.931 0.928 0.933 0.925 0.932 0.929 0.929 0.933 0.936 0.927 0.928 0.934 0.929 0.938 0.932 0.942 0.796 0.927 0.796 0.932 0.826 0.925 0.925 0.930 0.840 0.936 0.927 0.926 0.938 0.928 0.926 0.834 0.932 0.932 0.926 0.931 0.930 0.926 0.930 0.935 0.926 0.931 0.938 0.939 0.928 0.927 0.932 0.934 0.935 0.935 0.934 0.927 0.935 0.931 0.928

DE_SVM
0.951 0.939 0.947 0.948 0.938 0.943 0.938 0.904 0.925 0.941 0.940 0.937 0.942 0.944 0.944 0.943 0.931 0.946 0.932 0.946 0.913 0.944 0.891 0.937 0.934 0.921 0.945 0.921 0.946 0.951 0.939 0.947	0.948 0.938 0.938 0.943	0.938 0.904 0.925 0.941	0.94 0.937 0.942 0.944	0.944 0.943 0.931 0.946	0.932 0.946 0.913 0.944	0.891 0.937 0.934 0.921	0.945 0.921 0.946


KMeans_KNN
0.79 0.78125 0.775 0.7827 0.78125 0.781	0.79025	0.78425	0.77725	0.783

KMeans_SVM
0.583 0.57525 0.5835 0.5985 0.57425 0.567 0.59075 0.644	0.55675	0.6465

KNN
0.812 0.810 0.807 0.808 0.808 0.805 0.813 0.807 0.807 0.808

SVM
0.657 0.659 0.657 0.663 0.658 0.659 0.662 0.660 0.664 0.662

